0.01    0.912477289149
0.015    0.912553828666
0.02    0.912661907051
0.025    0.912802440002
0.03    0.912976593816
0.035    0.913185776848
0.04    0.913431628426
0.045    0.913716005385
0.05    0.91404096568
0.055    0.914408749158
0.06    0.914821755303
0.065    0.915282517975
0.07    0.915793677169
0.075    0.916357948132
0.08    0.916978088056
0.085    0.917656860928
0.09    0.91839700108
0.095    0.919201176145
0.1    0.920071950189
0.105    0.921011747769
0.11    0.922022819686
0.115    0.923107211104
0.12    0.924266732595
0.125    0.92550293455
0.13    0.926817085218
0.135    0.92821015248
0.14    0.929682789315
0.145    0.931235322796
0.15    0.932867746328
0.155    0.934579714815
0.16    0.936370542388
0.165    0.938239202348
0.17    0.940184329002
0.175    0.942204221131
0.18    0.944296846904
0.185    0.946459850094
0.19    0.948690557556
0.195    0.950985987965
0.2    0.953342861861
0.205    0.955757613102
0.21    0.958226401799
0.215    0.96074512887
0.22    0.963309452269
0.225    0.965914804959
0.23    0.968556414655
0.235    0.971229325284
0.24    0.973928420093
0.245    0.976648446252
0.25    0.979384040748
0.255    0.982129757338
0.26    0.984880094237
0.265    0.987629522246
0.27    0.990372512944
0.275    0.993103566595
0.28    0.995817239424
0.285    0.998508169916
0.29    1.00117110386
0.295    1.00380091785
0.3    1.00639264112
0.305    1.00894147555
0.31    1.01144281375
0.315    1.01389225539
0.32    1.01628562174
0.325    1.01861896878
0.33    1.02088859901
0.335    1.02309107229
0.34    1.02522321624
0.345    1.0272821364
0.35    1.0292652266
0.355    1.03117017987
0.36    1.03299500017
0.365    1.03473801496
0.37    1.03639788856
0.375    1.03797363603
0.38    1.03946463696
0.385    1.04087064828
0.39    1.0421918151
0.395    1.04342867803
0.4    1.04458217569
0.405    1.04565364083
0.41    1.04664478872
0.415    1.04755769677
0.42    1.04839477483
0.425    1.04915872615
0.43    1.04985249972
0.435    1.05047923514
0.44    1.0510422019
0.445    1.05154473512
0.45    1.05199017007
0.455    1.05238177775
0.46    1.0527227033
0.465    1.05301590915
0.47    1.05326412383
0.475    1.05346979726
0.48    1.05363506287
0.485    1.05376170639
0.49    1.05385114116
0.495    1.05390438954
0.5    1.05392207
