0.01    0.505952212694
0.015    0.506049913059
0.02    0.506186693619
0.025    0.506362553349
0.03    0.506577489376
0.035    0.506831495828
0.04    0.507124562419
0.045    0.507456672787
0.05    0.507827802581
0.055    0.508237917305
0.06    0.508686969922
0.065    0.509174898224
0.07    0.509701621977
0.075    0.510267039847
0.08    0.510871026125
0.085    0.51151342726
0.09    0.512194058208
0.095    0.512912698639
0.1    0.513669088992
0.105    0.51446292644
0.11    0.51529386076
0.115    0.516161490163
0.12    0.51706535712
0.125    0.518004944214
0.13    0.518979670083
0.135    0.519988885482
0.14    0.521031869542
0.145    0.522107826271
0.15    0.523215881359
0.155    0.524355079358
0.16    0.525524381298
0.165    0.526722662806
0.17    0.527948712794
0.175    0.529201232774
0.18    0.530478836873
0.185    0.531780052579
0.19    0.533103322283
0.195    0.534447005645
0.2    0.535809382805
0.205    0.537188658461
0.21    0.538582966808
0.215    0.53999037731
0.22    0.541408901299
0.225    0.542836499326
0.23    0.544271089213
0.235    0.545710554723
0.24    0.547152754762
0.245    0.548595532989
0.25    0.550036727748
0.255    0.551474182161
0.26    0.552905754295
0.265    0.554329327236
0.27    0.555742818969
0.275    0.557144191924
0.28    0.558531462078
0.285    0.559902707498
0.29    0.56125607624
0.295    0.562589793512
0.3    0.563902168035
0.305    0.565191597552
0.31    0.566456573451
0.315    0.567695684472
0.32    0.568907619501
0.325    0.570091169457
0.33    0.571245228287
0.335    0.57236879311
0.34    0.573460963542
0.345    0.574520940262
0.35    0.575548022857
0.355    0.576541607027
0.36    0.577501181195
0.365    0.578426322592
0.37    0.579316692892
0.375    0.580172033435
0.38    0.580992160128
0.385    0.581776958071
0.39    0.582526375966
0.395    0.583240420363
0.4    0.583919149809
0.405    0.584562668922
0.41    0.58517112247
0.415    0.585744689469
0.42    0.586283577356
0.425    0.586788016276
0.43    0.587258253505
0.435    0.587694548059
0.44    0.588097165505
0.445    0.588466373012
0.45    0.588802434662
0.455    0.589105607045
0.46    0.589376135176
0.465    0.589614248719
0.47    0.58982015858
0.475    0.58999405385
0.48    0.590136099129
0.485    0.590246432244
0.49    0.590325162364
0.495    0.590372368524
0.5    0.590388098571
