0.01    0.351716589575
0.015    0.351582175356
0.02    0.351394041461
0.025    0.351152235691
0.03    0.350856822062
0.035    0.350507882712
0.04    0.350105520225
0.045    0.349649860357
0.05    0.349141055161
0.055    0.348579286498
0.06    0.347964769921
0.065    0.34729775891
0.07    0.346578549442
0.075    0.345807484866
0.08    0.344984961057
0.085    0.344111431811
0.09    0.343187414443
0.095    0.342213495528
0.1    0.341190336756
0.105    0.340118680809
0.11    0.338999357211
0.115    0.337833288074
0.12    0.336621493644
0.125    0.335365097572
0.13    0.334065331795
0.135    0.332723540951
0.14    0.331341186196
0.145    0.329919848325
0.15    0.328461230104
0.155    0.326967157673
0.16    0.325439580955
0.165    0.323880572949
0.17    0.322292327841
0.175    0.320677157855
0.18    0.319037488796
0.185    0.317375854246
0.19    0.315694888413
0.195    0.313997317643
0.2    0.312285950628
0.205    0.310563667394
0.21    0.30883340715
0.215    0.307098155124
0.22    0.305360928537
0.225    0.303624761864
0.23    0.301892691585
0.235    0.300167740603
0.24    0.29845290255
0.245    0.296751126171
0.25    0.295065299992
0.255    0.293398237475
0.26    0.291752662831
0.265    0.290131197643
0.27    0.288536348463
0.275    0.28697049548
0.28    0.285435882349
0.285    0.283934607259
0.29    0.282468615263
0.295    0.281039691892
0.3    0.279649458051
0.305    0.278299366158
0.31    0.276990697503
0.315    0.275724560768
0.32    0.274501891648
0.325    0.273323453524
0.33    0.27218983912
0.335    0.271101473089
0.34    0.270058615475
0.345    0.269061366013
0.35    0.268109669217
0.355    0.267203320234
0.36    0.266341971435
0.365    0.265525139712
0.37    0.264752214478
0.375    0.26402246633
0.38    0.263335056363
0.385    0.262689046097
0.39    0.262083407984
0.395    0.261517036438
0.4    0.260988759343
0.405    0.260497349945
0.41    0.260041539071
0.415    0.259620027562
0.42    0.259231498831
0.425    0.258874631431
0.43    0.258548111526
0.435    0.258250645152
0.44    0.257980970157
0.445    0.257737867711
0.45    0.257520173301
0.455    0.257326787098
0.46    0.257156683636
0.465    0.257008920732
0.47    0.256882647573
0.475    0.256777111944
0.48    0.256691666543
0.485    0.256625774364
0.49    0.256579013123
0.495    0.256551078715
0.5    0.256541787685
