0.01    0.842988591438
0.015    0.842959953712
0.02    0.842918945583
0.025    0.842864658645
0.03    0.842795935054
0.035    0.842711375535
0.04    0.842609349629
0.045    0.842488008325
0.05    0.842345299336
0.055    0.842178985124
0.06    0.841986663807
0.065    0.841765792931
0.07    0.841513716028
0.075    0.841227691736
0.08    0.840904925141
0.085    0.840542600849
0.09    0.840137917218
0.095    0.83968812104
0.1    0.839190541943
0.105    0.838642625733
0.11    0.838041965961
0.115    0.837386333036
0.12    0.836673700341
0.125    0.835902266943
0.13    0.835070476668
0.135    0.834177033434
0.14    0.833220912951
0.145    0.832201370959
0.15    0.831117948343
0.155    0.829970473466
0.16    0.828759062152
0.165    0.827484115684
0.17    0.826146317198
0.175    0.824746626775
0.18    0.823286275469
0.185    0.821766758446
0.19    0.820189827317
0.195    0.81855748171
0.2    0.816871960056
0.205    0.815135729519
0.21    0.813351475
0.215    0.811522087098
0.22    0.809650648969
0.225    0.807740421971
0.23    0.805794830097
0.235    0.803817443147
0.24    0.801811958716
0.245    0.799782183046
0.25    0.797732010902
0.255    0.795665404614
0.26    0.793586372525
0.265    0.791498947057
0.27    0.789407162693
0.275    0.787315034117
0.28    0.785226534833
0.285    0.78314557652
0.29    0.781075989392
0.295    0.779021503819
0.3    0.776985733409
0.305    0.774972159747
0.31    0.772984118922
0.315    0.771024789966
0.32    0.769097185243
0.325    0.76720414284
0.33    0.765348320932
0.335    0.763532194081
0.34    0.761758051401
0.345    0.760027996473
0.35    0.758343948916
0.355    0.756707647445
0.36    0.755120654308
0.365    0.75358436092
0.37    0.752099994545
0.375    0.750668625891
0.38    0.749291177434
0.385    0.747968432355
0.39    0.74670104394
0.395    0.745489545307
0.4    0.744334359358
0.405    0.743235808827
0.41    0.742194126344
0.415    0.741209464406
0.42    0.740281905189
0.425    0.739411470123
0.43    0.738598129169
0.435    0.73784180974
0.44    0.737142405218
0.445    0.736499783032
0.45    0.735913792247
0.455    0.735384270643
0.46    0.734911051255
0.465    0.734493968347
0.47    0.734132862802
0.475    0.733827586919
0.48    0.733578008584
0.485    0.73338401483
0.49    0.733245514752
0.495    0.733162441788
0.5    0.733134755347
