0.01    1.22021901635
0.015    1.2200564836
0.02    1.21982885162
0.025    1.21953603832
0.03    1.21917794368
0.035    1.21875445391
0.04    1.21826544653
0.045    1.21771079619
0.05    1.21709038138
0.055    1.21640409192
0.06    1.21565183714
0.065    1.21483355475
0.07    1.21394922037
0.075    1.21299885761
0.08    1.35512208865
0.085    1.2109004449
0.09    1.20975277888
0.095    1.20853987504
0.1    1.20726216173
0.105    1.20592018256
0.11    1.20451460794
0.115    1.20304624606
0.12    1.20151605365
0.125    1.19992514603
0.13    1.19827480641
0.135    1.19656649426
0.14    1.19480185263
0.145    1.19298271405
0.15    1.19111110516
0.155    1.18918924954
0.16    1.18721956889
0.165    1.18520468224
0.17    1.18314740311
0.175    1.18105073462
0.18    1.17891786237
0.185    1.17675214511
0.19    1.1745571033
0.195    1.17233640549
0.2    1.17009385273
0.205    1.16783336118
0.21    1.16555894306
0.215    1.16327468622
0.22    1.16098473263
0.225    1.15869325614
0.23    1.15640443979
0.235    1.15412245311
0.24    1.15185142965
0.245    1.14959544531
0.25    1.14735849758
0.255    1.14514448614
0.26    1.14295719512
0.265    1.14080027712
0.27    1.13867723923
0.275    1.13659143131
0.28    1.13454603621
0.285    1.13254406241
0.29    1.13058833854
0.295    1.12868150996
0.3    1.12682603702
0.305    1.12502419488
0.31    1.12327807446
0.315    1.12158958423
0.32    1.11996045247
0.325    1.11839222951
0.33    1.11688628963
0.335    1.11544383207
0.34    1.11406588071
0.345    1.11275328218
0.35    1.11150670177
0.355    1.11032661721
0.36    1.10921330984
0.365    1.10816685346
0.37    1.10718710091
0.375    1.10627366894
0.38    1.10542592198
0.385    1.10464295602
0.39    1.10392358365
0.395    1.10326632196
0.4    1.10266938478
0.405    1.10213068094
0.41    1.10164782004
0.415    1.10121812686
0.42    1.10083866503
0.425    1.10050627012
0.43    1.10021759149
0.435    1.09996914176
0.44    1.09975735216
0.445    1.09957863163
0.45    1.09942942748
0.455    1.09930628543
0.46    1.09920590697
0.465    1.09912520255
0.47    1.09906133939
0.475    1.09901178321
0.48    1.09897433358
0.485    1.0989471529
0.49    1.09892878932
0.495    1.09891819398
0.5    1.0989147329
