0.01    0.000118767724735
0.015    0.000267302296314
0.02    0.000475389767726
0.025    0.000743167682743
0.03    0.00107081063795
0.035    0.0014585285623
0.04    0.00190656463457
0.045    0.00241519271831
0.05    0.0029847143829
0.055    0.00361545545531
0.06    0.00430776207311
0.065    0.00506199623318
0.07    0.0058785307922
0.075    0.00675774390982
0.08    0.00770001290563
0.085    0.00870570750097
0.09    0.00977518244288
0.095    0.01090876948
0.1    0.0121067686963
0.105    0.013369439193
0.11    0.0146969891351
0.115    0.0160895651754
0.12    0.017547241297
0.125    0.0190700071152
0.13    0.0206577557061
0.135    0.0223102710457
0.14    0.0240272151576
0.145    0.0258081150951
0.15    0.0276523499
0.155    0.0295591377046
0.16    0.0315275231622
0.165    0.0335563654116
0.17    0.0356443267993
0.175    0.0377898625972
0.18    0.0399912119582
0.185    0.042246390367
0.19    0.0445531838301
0.195    0.0469091450485
0.2    0.0493115917968
0.205    0.0517576077088
0.21    0.0542440456371
0.215    0.0567675337139
0.22    0.0593244841936
0.225    0.0619111051022
0.23    0.0645234146651
0.235    0.0671572584173
0.24    0.0698083288449
0.245    0.0724721873434
0.25    0.0751442882231
0.255    0.0778200044399
0.26    0.0804946546922
0.265    0.083163531486
0.27    0.0858219297537
0.275    0.0884651755995
0.28    0.0910886547468
0.285    0.0936878402766
0.29    0.0962583192694
0.295    0.0987958179951
0.3    0.101296225339
0.305    0.103755614191
0.31    0.106170260585
0.315    0.108536660417
0.32    0.110851543619
0.325    0.113111885724
0.33    0.1153149168
0.335    0.117458127756
0.34    0.119539274072
0.345    0.121556377036
0.35    0.123507722588
0.355    0.125391857883
0.36    0.127207585721
0.365    0.128953956987
0.37    0.130630261245
0.375    0.132236015669
0.38    0.133770952462
0.385    0.135235004931
0.39    0.136628292403
0.395    0.137951104159
0.4    0.139203882545
0.405    0.140387205473
0.41    0.141501768456
0.415    0.142548366397
0.42    0.143527875275
0.425    0.144441233929
0.43    0.145289426094
0.435    0.14607346285
0.44    0.146794365648
0.445    0.147453150024
0.45    0.148050810157
0.455    0.148588304351
0.46    0.149066541562
0.465    0.149486369024
0.47    0.149848561066
0.475    0.150153809148
0.48    0.150402713175
0.485    0.150595774106
0.49    0.150733387888
0.495    0.150815840726
0.5    0.1508433057
