0    0.1405482073860288
1    0.13640393526693445
2    0.12823759103198007
3    0.11628997143949683
4    0.10091336975375018
5    0.08256118785611466
6    0.06177456701888022
7    0.0391664315531289
8    0.015403415827366729
9    -0.00881379243446131
10    -0.03277111296859112
11    -0.05576212868593728
12    -0.07710891542653277
13    -0.09618203155774034
14    -0.11241907799331842
15    -0.1253412813636813
16    -0.13456761135801226
17    -0.13982601596747973
18    -0.1409614433417664
19    -0.1379404137225887
20    -0.13085200664396937
21    -0.11990523429020523
22    -0.10542287846195733
23    -0.08783197287665298
24    -0.06765121144667054
25    -0.04547565382087932
26    -0.021959179169303438
27    0.0022047944129389187
28    0.026303756365479096
29    0.04962711309216611
30    0.07148714086600416
31    0.09123926438211641
32    0.10830106301555747
33    0.12216944435630492
34    0.13243547863430788
35    0.13879645661959283
36    0.1410648154523775
37    0.13917366921186888
38    0.13317878114673057
39    0.12325691941308145
40    0.10970064480352779
41    0.09290968415876037
42    0.07337914382945504
43    0.05168491073201521
44    0.02846667146965675
45    0.0044090502252066765
46    -0.019778578397208913
47    -0.04338300633331664
48    -0.06570822205509964
49    -0.08609593350185296
50    -0.10394497879686306
51    -0.11872905239597317
52    -0.13001222398628237
53    -0.1374617925372594
54    -0.1408580964835289
55    -0.14010099077155916
56    -0.13521279978493103
57    -0.12633765907681493
58    -0.11373726531964651
59    -0.09778315979103137
60    -0.07894577292873219
61    -0.05778055299226029
62    -0.03491158784803932
63    -0.011013202814067992
64    0.013209922821104447
65    0.03704353431119407
66    0.05978486231155591
67    0.0807633450744744
68    0.099360400955742
69    0.11502766821087715
70    0.12730317425356621
71    0.1358249576017907
72    0.14034174084837608
73    0.14072033994761324
74    0.13694959134416085
75    0.12914068114701355
76    0.11752386664235379
77    0.10244168681633976
78    0.08433886208562157
79    0.06374918105699566
80    0.0412797609795182
81    0.017593145992962994
82    -0.006612228967709354
83    -0.03062263256115057
84    -0.0537300824656281
85    -0.07525322128666832
86    -0.0945574073892737
87    -0.11107342824676225
88    -0.1243142845154137
89    -0.13388954993161595
90    -0.13951688360867012
91    -0.1410303552761276
92    -0.1383853379796416
93    -0.13165982397283307
94    -0.1210521250001443
95    -0.10687502478125302
96    -0.08954655611970408
97    -0.06957767458637432
98    -0.047557192237477085
99    -0.02413441561875076
