0    -0.13637453025425544
1    -0.12643524476894086
2    -0.10865987254701825
3    -0.08415007917833994
4    -0.05442490998198755
5    -0.021326644019537468
6    0.013093384973809116
7    0.0467019242554207
8    0.07741601484196531
9    0.10333208721600308
10    0.12284393899807591
11    0.13474228267317478
12    0.13828969369460486
13    0.13326631390094074
14    0.1199834776819395
15    0.09926441638350118
16    0.07239323683621991
17    0.04103533616913396
18    0.0071341853657842045
19    -0.02720912138406241
20    -0.05986608635806878
21    -0.08881272636580109
22    -0.11225501330814483
23    -0.1287400627926171
24    -0.13724617965934505
25    -0.13724617965933855
26    -0.12874006279259875
27    -0.11225501330811648
28    -0.08881272636576307
29    -0.059866086358023235
30    -0.027209121384013178
31    0.007134185365832952
32    0.04103533616918093
33    0.07239323683626071
34    0.09926441638353393
35    0.11998347768196206
36    0.1332663139009522
37    0.13828969369460525
38    0.13474228267316404
39    0.12284393899805501
40    0.10333208721597406
41    0.077416014841929
42    0.046701924255380084
43    0.013093384973766109
44    -0.02132664401958006
45    -0.054424909982027966
46    -0.0841500791783751
47    -0.10865987254704657
48    -0.1264352447689605
49    -0.13637453025426483
50    -0.13786172115400125
51    -0.13869166079769543
52    -0.13886039247518356
53    -0.13836711176370126
54    -0.1372141703629398
55    -0.13540706488339851
56    -0.13295441064146896
57    -0.12986790058620007
58    -0.12616224955354238
59    -0.12185512411384805
60    -0.11696705834707415
61    -0.11152135594722555
62    -0.10554397912275543
63    -0.09906342482258375
64    -0.09211058887782364
65    -0.08471861870691261
66    -0.07692275528638065
67    -0.06876016514064189
68    -0.060269763151803504
69    -0.051492027034236124
70    -0.042468804358391
71    -0.033243113043873
72    -0.02385893627291366
73    -0.014361012801986563
74    -0.004794623671243521
75    0.004794623671364304
76    0.014361012802106698
77    0.023858936273033194
78    0.03324311304399072
79    0.0424688043585066
80    0.05149202703434927
81    0.06026976315191328
82    0.0687601651407473
83    0.07692275528648182
84    0.08471861870700854
85    0.0921105888779136
86    0.09906342482266849
87    0.10554397912283342
88    0.11152135594729728
89    0.11696705834713972
90    0.12185512411390714
91    0.12616224955359415
92    0.12986790058624503
93    0.13295441064150715
94    0.13540706488342885
95    0.13721417036296346
96    0.13836711176371724
97    0.13886039247519352
98    0.13869166079769846
99    0.1378617211539982
